713.5167227655261 0.0011565703829086232
656.6370104703293 0.001847227587888262
510.8532577337945 0.0019053091127808114
904.9858892825366 1.0305452528783658E-4
922.2700250904402 0.0014752361495379783
515.117986833266 0.0019080461977888507
127.9997411780058 0.0013122930992218282
425.28397609725783 0.0014628596699172776
351.7699704280914 2.0486634730379063E-4
423.6714427469631 0.0016040392527902026
500.32332935385557 0.0016051543333419917
252.00496439449722 3.4877472774684536E-4
461.3602377760039 6.460276939860536E-4
32.3606147581528 0.0012595989142464227
403.11723966296637 1.0974142796655052E-5
870.146199069054 9.630053105147224E-4
262.46790926087084 8.303167471962669E-5
508.67490307831895 8.283889851700356E-4
566.2417502916612 0.0017819799264514283
640.5435132982877 1.4360090675525955E-4
888.5263283217914 0.0011131871102985761
864.9547015619253 0.0016056466825355338
685.3381589452449 0.0019318556363666255
1.5006940818860635 1.415875318446913E-4
207.53404740594982 3.444770124821851E-4
898.4539997291071 0.001102356901990115
67.14166005474593 7.741893788592105E-4
74.01265067700885 5.581167348900529E-4
80.16790453352402 7.277060518538189E-4
569.9840148771107 9.696169807734566E-4
978.6067348805287 0.001522763711928094
707.1908077724235 0.0017395113473673643
119.58539538066154 0.0014351726062387386
137.72336353441858 7.169064323211807E-4
382.73440645203664 0.001068131151766721
480.53446760426016 0.0013342189523785695
55.525987434911535 0.0013926972837675943
53.540819349484906 0.0011135168953387655
737.4689880467341 6.757939941725109E-4
975.569480553069 0.0010744101901415501
993.8080571563021 6.939953126831825E-4
763.9627702366387 0.0012627622292053801
154.93762966009677 7.24819334118118E-4
805.18081635478 6.461745681795107E-4
28.17030019507292 0.00132017224402544
1.0098582138353298 0.0017718142818075415
161.31345143602857 0.001547847748988091
370.9490747987055 0.0016537551731106044
299.56040219383334 7.818391192242418E-4
834.1894628639284 4.601623478715436E-4
193.73677447146588 0.0016586920043341993
338.79067904259574 0.0018102937454886052
41.95115810351035 9.181115182882176E-4
120.84019422570252 0.0014290930062452795
391.6078141851387 8.563805937559947E-4
765.4075481767801 6.177591977569002E-4
325.40765838949363 0.0015023957778349504
370.90971431271623 7.098277777274779E-4
202.34692944323035 0.0013237065918494096
761.4088145836297 0.0015392072214317637
388.58994347443337 8.515172333141997E-4
565.1579581038831 0.0018050548128908596
138.55429605513544 0.0015369494240033276
799.9223162419731 0.001239182137710524
706.7062518124964 2.866762125997188E-4
310.93339263970654 7.512863418174728E-4
249.079915345218 0.0018442685401111438
187.5456195266664 2.053004795903184E-4
130.49381325510043 7.94850511453242E-4
824.9998455052263 3.590481873785837E-4
520.303371139012 0.0014151050391937859
622.3372740775055 0.0011712089771093103
978.9485759003779 8.331044062417994E-4
970.9556605531627 6.728529396858285E-4
715.314589773917 0.001852206742127734
604.7262771077111 0.0016809691336065213
797.0002753646114 3.5596999095278395E-4
755.921923441776 0.0012064887960269817
254.1239225557651 0.0018641299199252024
325.6812376555433 1.0660114176096191E-5
292.80462315902327 0.0017195721468452915
708.878292100913 0.0013899788830491534
350.10537707717407 0.0012949202249780804
420.38414367492504 5.211295007422217E-4
589.5975602742272 6.466810450739731E-4
152.3042256721781 0.0015133693279564347
866.7670501706968 2.0288321794548255E-4
948.1965661738983 6.66689827117739E-4
179.4938436613855 3.351150326385612E-4
988.1246462409033 9.73529628333732E-4
119.65223547055025 2.880542561146164E-4
507.4928242282443 0.0019521020174253338
799.1306748237138 0.001805999571708452
126.75177265273024 7.037530802774817E-4
828.4789211249346 5.986338476722789E-4
557.3290337609727 0.0017106199367880905
943.6424644401494 0.0013166513939005197
208.73734690655832 4.764724945369151E-4
904.3049104066123 0.0010872818603370642
190.2473653621261 4.823067570531414E-4
577.7248603188083 0.001758781134485025
706.2886109139251 2.916167100336245E-4
320.00222025439245 1.450368011934254E-4
327.5784954091434 0.001528974294044688
103.03434594675635 9.857284583516503E-5
874.9955985113027 9.206135843756829E-4
585.6937386960228 0.0012625802023641633
838.1084747789934 7.176471497379513E-4
928.415881902173 0.001952178040989282
622.2832690096848 0.0014250878021239742
765.2278299281503 0.001708476396389761
580.3738569749397 1.5879312147308946E-4
90.81586221736663 4.0231733041554997E-4
573.5901885542974 0.0011096523873867876
548.3470040132976 0.001933408752121159
734.0576805798605 0.0018014560246153797
38.796732685899705 0.0015993575340873243
274.6435679842921 0.001194309242063425
835.5791479514814 0.0015866577897637197
399.808413069606 0.001888131488134316
671.4779705142034 0.0012551286203477984
387.86975545243814 0.0016727255299892152
838.3586298852966 2.0625893366535013E-4
474.2085847417864 2.1750152189804433E-4
890.7984042963005 0.0018025593709271148
631.237570490333 0.0013919335558056013
524.2006539014171 3.659833909103839E-4
239.43886637661555 0.0011089020906641088
907.4670420528702 3.41995272148731E-4
704.1447803863067 6.538762836989136E-4
565.749538394506 7.220195866840804E-4
426.89480093628856 0.0016829202184476884
200.0994212925897 0.0017137663882721066
111.13286116678867 5.210568948473839E-5
608.6349448229349 0.001238320886005118
175.89404116193487 3.1271854259265003E-4
476.89609717433154 5.521761012919976E-5
396.24753938813114 0.0011963156769389297
65.84574657764554 0.0017816156060196477
987.597225228137 0.0017373425395240457
791.0450160461687 0.0013189688503211783
414.365737426265 7.027110799427482E-4
365.8071441416662 0.0015435468035982297
961.6666021578324 0.0014683011007754238
843.4087549538393 0.0014749228537953188
262.94841024230624 0.0016870303415511343
265.49287804658195 0.001905739947571996
777.7770649538268 0.0013472271071991102
783.7522606289723 5.660679420753275E-4
402.2879323001429 3.037661249625782E-4
398.11025531874515 0.0014316367307512724
540.9954509423093 0.0010281491536518758
127.40733713256536 0.0013838939890370805
94.91465850496415 0.0015363356282930072
340.68880478883574 1.1702254713558263E-4
87.14946689417096 9.034776363558615E-4
162.5717529852743 0.0018541024851282293
606.0411835117458 0.001203210615885822
865.3751862539795 8.177828954752069E-4
131.45510253098567 0.0012127585691864306
128.24261846404644 7.427800811339206E-5
557.907447944352 0.001191420274711216
963.8885273429978 3.2753324689732737E-4
116.16734467268331 0.0013827747197011735
78.9200836228766 1.1294036261222705E-5
70.48923385817987 0.00103835652135321
816.3698407897585 0.0013257924060502742
647.1410466577582 5.962356435840461E-4
218.6857127671529 7.848256075886419E-4
360.454176254782 3.102918218156734E-4
356.9365341015796 2.0061633101028093E-4
836.9968239390276 0.0014490878135365564
879.8967198840793 2.1469736080927929E-4
405.1439046883694 4.322197574369538E-5
172.05556955749893 5.727840715605013E-4
40.3588647210779 0.0017880989825880876
556.1277743224649 4.691035046733719E-4
32.102007899480874 0.001626690883579457
804.3501590398839 5.724922668932332E-4
317.4936633172881 2.0863722077246226E-4
570.4565600354488 0.0017649423907325722
544.180826071734 8.058245577467202E-4
879.4348961112252 3.4640752302814046E-4
110.99930950952663 9.195022820143059E-4
388.8043469697257 5.30755927512899E-4
41.28927087471321 2.099596092665673E-4
851.1374755069322 8.086044537489645E-4
291.65793084151017 4.163295170331983E-4
327.44118120867813 1.954110807524597E-4
400.14394205070283 5.351677505008642E-4
688.6155208054071 9.815486672378152E-4
794.0123867215646 1.2687516096534214E-4
327.69831098974606 3.988209984703877E-4
140.43984987793485 0.0017715977177539192
225.7616488382973 0.0017221028361391578
891.0471028140965 0.0018915717262423535
978.5457886655563 9.121439684975014E-4
570.9825747511268 0.0018598087307179895
28.190402327194068 0.0015994108803151325
229.93247640781686 0.0018281100500089247
44.705411440089996 0.0015245825837754189
751.6443956418169 0.0013627067748371794
332.91108223279525 1.2127997505515183E-4
18.60363502921706 9.8375811839549E-5
689.6887923077162 5.365751373543595E-4
413.8702272502101 6.479991546536352E-4
852.3294389491573 8.121324496610046E-4
34.09015854545411 9.697717509296717E-4
975.6314442379547 5.860898439991013E-4
527.3407141339688 0.00156239813746437
716.7147582940361 5.694876896456275E-4
18.54128810509168 0.001001861051007009
913.988372736605 6.521392438142915E-4
801.6086280353408 7.138648652238271E-4
123.36307723231756 0.0011855224721363268
115.43706903021646 4.208971362064377E-4
568.2553199903366 7.822147032154878E-4
447.98829380794814 0.0015233643367755963
895.5009239239157 4.633745981348035E-4
305.3433212010857 0.0014169001239184372
873.0586883020861 0.0013085904562303748
549.5203554395215 8.605442852266367E-4
742.030167366392 0.0011544107000779561
721.122817006485 0.0015514849710193414
329.3976100764226 0.001149144640983457
873.2023205949005 0.0014822594286059384
670.5992089913223 5.819286270155777E-4
479.80157261705097 7.65504040143778E-4
817.609633699809 6.169105142246614E-5
872.5101383740596 9.683565509604851E-4
47.79912999262992 0.0013958476773153414
198.6936052323755 0.0018643050422372412
469.93875199460365 6.254989974356599E-4
225.68868623380024 7.558222842781319E-4
577.1030399841736 3.4502432387654286E-4
701.8858653967669 0.0011454104660341884
926.6799445853941 4.926753961294224E-4
752.3931817861243 3.5821161590544035E-4
30.011920272378216 0.0012358006245167899
772.4401106929594 0.001183570184647079
659.4332045220924 1.5994029115197876E-4
521.2964287592547 0.001697727418264759
532.0827581603465 0.00132375708850228
635.9467281196019 0.0019145347199795101
975.4415820238374 0.0010992224360185762
744.319956164956 0.0012697968774400558
720.7293239053009 0.0013188783348933781
465.9786748075758 0.0011703346519546705
260.5160904398728 0.0011482901290235023
469.5682015593947 0.001401043534900757
657.5467938825241 0.00159450412348722
970.9752569771256 1.6665389971926053E-4
329.2549049152317 0.0015179565136039734
907.8738009128132 2.922083701001649E-4
444.67498941564696 0.0018178021269077745
416.3888592349314 0.001601492855328294
942.6984567859669 0.001402794626012084
397.745612728291 6.167861307338423E-4
18.82556640488355 0.0017384241871875187
533.0736993500375 0.001059925187119588
350.7664256499924 7.578044759168918E-4
571.13886511472 0.0012437077488688217
171.2911628053017 8.208848717404214E-4
624.2879771740586 0.001085997007026697
281.32579861270534 9.217930298151743E-4
318.4391336135748 2.460756946709269E-4
370.90292916209575 1.2707284226056855E-4
890.0533834891642 0.0014491571501586784
990.8011257605632 0.0013014409883338634
482.829639447308 4.2455080565648103E-4
378.4649555471097 0.0018602492294829641
598.1719077556263 0.0011421116979417072
831.7453893049366 0.0012588249241730254
256.58391241756453 2.151704002633885E-4
213.60294903330643 0.0015647863762339878
249.81529137576712 6.900705485117747E-4
572.6319088473133 0.0016905160235513705
570.2729977528904 0.0018306592615398853
922.0805605510625 0.00121811474495032
911.2229574989634 9.627090302850284E-4
505.7439205729142 0.0014214802529987744
47.058710384675635 0.0014078017734560858
17.56782458050541 4.893017288260433E-4
145.88072995929082 2.1144337383246158E-4
534.7563175180724 0.0011214236628111249
533.4300284895255 2.688112513597393E-4
9.92687140122376 4.2740042520396174E-5
139.35448282368225 9.876522218688958E-5
813.702117099288 0.00186732623714981
69.23728346323469 0.001657177825790689
128.60596372215355 0.001757897142625373
109.32961763317213 0.0015127576935531119
510.155372093504 9.717632742435464E-5
916.0586814005202 0.001092006274412417
272.52146102139795 4.033121488904954E-4
578.138208751631 6.386300927514045E-4
642.311960292194 7.892760946654317E-4
885.4674961815903 0.001055048476464731
316.26659087662887 0.0018806199576161984
115.06504943364534 5.569542676368265E-4
145.3073905526229 7.221497685591733E-4
216.64756127477045 2.575909025572604E-4
574.3509622171293 0.0012367340496735523
292.1796149072142 7.052915758007303E-4
579.4796173365227 0.001016545508797673
655.8838857598062 9.3857881423717E-4
334.60639479318934 0.0016040069615526759
909.7188314933883 0.0012508040690063225
111.45031969596181 5.351524656722296E-4
492.98639944427947 0.0011744498924577086
23.74307207006173 0.0010606965288180673
852.8886320315714 0.0018514156136363816
362.1723127375228 0.001099210582515162
563.2996436037587 0.0018173972023091526
9.840348740033969 0.0013379678504351514
140.49004257679454 8.561240528061801E-4
583.4858164114346 9.634426738368583E-4
248.95989720195527 6.500287093232416E-4
448.04520273955785 8.579132790596742E-4
744.7057765651055 4.5705276060106466E-4
941.493561464126 0.001458786534842765
232.8327690404061 0.0010089799219340314
454.15874265793656 4.1977437727924163E-4
201.88368121249772 0.0013127445319788154
763.9182385820515 0.001273591845749078
551.1591576743681 0.0012447947296984237
394.3943690482501 0.0014930539179932815
445.19102361294955 6.712186511034982E-4
671.4680444781985 3.1612191102470684E-4
24.806660611558083 8.259215182026743E-4
95.49481519288142 0.0015342262982708528
531.0735365054912 0.0019361925373835099
903.5376556699806 5.393506970864993E-4
21.353073893744998 7.81644162778149E-4
789.2131445879178 0.0013044382104006641
247.70274956138002 0.001444461434853535
308.6955078452339 0.001437847346552937
673.8961868332215 7.704215852985304E-4
948.7364520080091 1.8630821193853803E-4
521.7813502632927 0.0013044854905844437
779.1512691318761 9.83585128257414E-4
871.2764111679403 8.932847577871569E-4
283.49376250221104 0.001411829828801331
509.40788281588254 0.0014645245818709096
241.55383335498806 8.99324914383118E-4
32.426110949565704 0.00162007981418956
977.729711671234 0.0017307921624386885
865.0280339014847 8.799131510634267E-4
258.5895290871102 0.0012989278380371764
563.5576343925472 3.82673929428102E-4
980.1023672242194 6.091667488115798E-4
680.0108187273195 5.717684293387363E-4
339.2429162465236 0.0010742978267586861
592.9464318756696 7.048482957413679E-4
854.705805356943 0.0018818817084302034
384.15707293160125 5.359524378603689E-4
402.67685353880603 0.0012526941219610163
533.9074533124955 0.0010607053552171152
144.30583088859257 0.0018836651809093824
748.537160339084 2.785550305454394E-4
425.1331456122608 9.85527316598169E-4
933.6102544020908 9.576753608547391E-4
46.20276905885095 7.140184691482548E-4
406.30765417884464 6.511504167299735E-4
269.91321857548934 9.833816230865084E-4
593.6950010218168 2.0778874117146495E-4
697.316824783253 4.856107872999801E-4
462.0214516585793 0.0019471392714571396
201.84043059211245 0.0011742794396248563
851.5155086533705 2.4627342057611243E-4
452.9408605084479 0.0017461333698678282
592.2812002675054 0.0010147981567292434
292.97756091364545 6.236824689767981E-4
494.70810009851493 9.00407407814999E-4
179.803488394154 0.0017326071404738703
197.07285854829144 0.001075010792228869
931.1218750342363 0.0013234886503494996
838.2921660497283 0.0013213476672853553
738.2266510921654 8.036077614227207E-4
554.481928029322 0.001658859156030079
592.6014034043072 9.766299704177923E-4
335.7626685573545 8.410960273187838E-4
437.65188587720127 0.0012613967893695356
14.253692708096326 9.842772208187808E-4
593.2447181983129 8.731484686450283E-4
300.3249169794493 0.001938385954447319
946.425660488394 0.0011667998243460392
482.035614774579 0.0017958394013438304
619.6631601171863 0.001765914500917528
4.434735516288661 7.550408188501621E-4
863.8380187860866 9.152049036003571E-4
410.45873631278926 0.0010487154600394082
783.2930897284732 0.0016289740067189514
261.68533566486343 3.0479945548832454E-4
490.85645167662597 3.655692138420847E-4
986.6078258429691 1.894845748553245E-4
810.4670289021298 0.001100108605572557
119.15665032302805 9.437215914337172E-4
575.0891866977742 9.932600214726194E-4
822.8944706837156 0.001240066288891458
491.14552116540517 0.0017319144160898173
121.23157834691536 0.0013339044694647539
326.597541257086 0.001909119003576351
197.29819204532456 1.0880391599129122E-4
198.43667196037094 0.0018561050098042592
833.6087590239983 0.00120050024040798
43.042834402547605 0.0019312880729612503
773.7497085583161 7.799975891593307E-4
365.9825769094669 0.00172474683563951
952.7545468661722 1.804403763312666E-4
820.5625237061467 0.001088271593276674
731.3885459356889 0.0010821703938693513
292.97880655758956 0.0015766276838316458
170.6326520865004 0.0016046546617423084
343.0151954959217 0.0015237027770582557
675.9012721832381 0.0011149940230352365
276.06488311480024 8.418152481977191E-4
319.04340317428273 0.0014770860034570917
554.0529696988189 8.58875454879864E-4
594.5530233879355 0.0010181694697192713
277.8493143980621 6.736076682713816E-4
120.97451189578256 3.9823336513546034E-4
439.32243037937326 0.001625787622038295
990.0391139043677 0.0016796128451851404
415.9817557856356 0.0019359315436314525
385.07354370554606 0.0016141124692404924
401.57338157369446 6.165899843853712E-4
81.8948438772442 4.7459573717084343E-4
147.04534930505108 5.0090784179451304E-5
423.53900821112984 0.0011285644017221725
840.7218152846777 0.001113737766529458
621.5596560489198 2.357592155617053E-4
198.17585786719613 4.402135270752329E-4
0.898540951730004 0.0019247693434554384
953.9852519305354 9.137215396136871E-4
999.8032883740045 0.001552742034146013
309.22583737840216 2.598158351915528E-4
28.437745304982062 3.097034292010342E-4
116.98667989903441 0.0010479939731566329
537.9874694803672 1.7073799063556153E-4
226.53123327835053 1.4461338804278086E-4
794.9637895426545 0.0018532610757505436
662.1764277397544 8.486118749884522E-4
776.2891970464444 0.0010341217625761151
103.53956376367228 1.9916206273141567E-4
553.7590391718592 0.0012117185216754165
253.2584714951266 0.0017940273275080258
813.6834231269004 2.960295799900172E-4
444.9998170346952 0.0012223371968411512
32.19124210634793 6.27332800873576E-4
725.4738024088898 7.985191889680921E-4
857.7971970000291 0.0015890033886957098
135.7927676922608 0.0011855978201780375
376.6909927952527 0.0012059857368016298
49.93958401025254 3.643842285740006E-4
102.66474080396105 0.0015523577739729282
307.26301591250257 0.001352932283970667
115.23044533805476 3.9285839401227875E-4
78.7682137818859 0.0011760459967358763
333.42723284541967 9.350449489290846E-4
21.821914716540796 1.2050572551566596E-4
253.5028831351096 8.460415893486566E-4
486.19124362533506 0.0019277090833139383
292.29694618484797 0.0012595484030270348
161.1834499804226 0.0014826148334187528
791.6544530501842 7.687040618158045E-4
773.7682283733823 2.344596628146156E-4
879.3694245998605 6.28359491798677E-4
278.7307525420239 6.906645902038859E-4
613.9025700343319 6.344673417315326E-4
735.6876911295986 0.0013108531807832714
651.5644540319054 4.269392219555276E-5
462.39851576387815 2.8458210367768587E-4
657.0945566785962 6.215665266662183E-4
67.35596343286147 0.0015270237399709929
395.27120226773957 4.5556600261587493E-4
6.263270045753229 2.3108751771228948E-4
218.83841893581598 5.641142352610549E-4
506.8356969891282 4.8089249753472486E-4
613.1176061989356 7.782208627984541E-4
4.149785267258895 6.230859664536786E-4
518.8985576475498 0.001718649235982763
947.202077576519 0.0014278445828841534
899.4584003926527 2.3714994287150052E-4
829.8896196437486 7.168815035477178E-4
700.3605192063193 5.196958349811954E-4
387.8188670556149 6.890488602749427E-4
415.88739045704125 0.0013669898061420419
67.34720061875284 8.14485392848912E-4
188.69711886565065 0.0017769693267428372
661.008547833659 5.363043467090428E-4
870.9016106421601 8.693989633467589E-4
67.87540673645 7.307472138199116E-4
380.9568068855241 2.4302516461342628E-4
388.52454041527795 2.36297890832147E-4
378.55385354652714 9.005108209834184E-4
842.3383980255287 0.0014611406642914214
403.7738434987952 6.162504361369933E-4
354.4629869770552 0.0010166114059009088
211.4782655665084 0.0014149865269198264
149.11246539517887 0.0011513207339062163
484.66214280792616 0.001341113054661127
728.7576411519002 8.230941581143699E-4
85.47213537873334 6.413290426172767E-4
157.41636471702546 8.339712669667548E-4
978.5102540527052 7.405463712625763E-4
732.3302248177725 0.0017560952553371647
444.3970981260748 0.0018023230537656909
524.432776274361 9.668430770722469E-4
747.8135869595286 0.0011068446402035562
646.9557749326135 0.0013644568754253331
167.12099787179426 0.0016212802244890071
562.0018758634114 0.0011904490257715924
640.6918115172031 4.2210230520498985E-4
168.75579355692295 0.0012051861697447515
999.4977149178728 7.126946640603469E-4
230.84566147571695 0.0013720726184495043
46.03858433945039 0.001859187191082935
859.829515619124 6.45634631084512E-4
288.8575649302721 0.0016947845939462307
58.52710132418531 0.001746442272895129
275.7640845495109 0.001785580713981401
201.29641806767154 0.0014482301761482438
693.2485460737946 7.897933389473657E-4
335.5745455881462 0.0014661008174195445
461.74857973202535 8.440916397854278E-4
756.5529904125971 8.340338702162767E-4
725.6334557783014 0.0011971437798031057
587.4315214284842 7.156350193542009E-4
685.2747209767228 0.0013554357438917517
847.0529582570554 5.87265828980338E-4
239.32124778596742 2.7279115981342837E-4
921.698691752599 0.0016036287774381
455.2302772436432 7.90361592441496E-4
888.3645119556992 0.0016170126091114344
910.6634640650187 9.016285699390868E-4
370.98114396025477 8.225131416199046E-4
305.44398599557763 2.774044368245884E-4
1.6315104447451934 0.0014455032440027298
268.23829732287595 4.5087466454916606E-4
142.40372327268298 0.001425262341775323
167.83795746408308 2.5149073099981146E-4
535.707149904085 0.0016627893489603853
645.1961107762513 9.918944150322335E-4
808.8263351511333 0.0014059553153563066
704.4331397416224 2.4733087143361427E-4
22.262161607976147 0.0011490146357273857
866.8917579887863 0.0014197517527348913
261.2930551456721 4.7883969197236136E-4
998.9753533149955 0.001342130839981743
920.2632428706918 7.487897390843844E-4
707.938300309674 4.20656909755946E-4
594.4795741673929 9.601710021976888E-4
531.6859076412794 6.32447698666509E-5
442.8392729921449 0.0015071886263187627
271.6719807459377 0.0017573159686304397
425.5378853648612 9.011126029586345E-4
917.68430914622 3.7047286800182217E-4
440.5919646101966 0.001635156248765823
899.9448827933263 9.889937780788905E-4
252.86109477880464 0.0011255616680494066
900.3661949654884 5.428405578563722E-4
235.93272326324725 0.0013117899881032586
227.30084426109718 0.0015555709046000746
57.211708304105194 0.0014119658773412474
402.5115917448474 0.0010248019992307109
374.97954879653616 3.963914872949498E-5
184.27711314720898 0.0012481740042005374
56.59160346565377 6.177717149472568E-4
695.9395397901253 9.769011306884844E-4
462.3011697373824 0.0012029993886399583
442.5649123464548 0.0014187056701336978
651.3426907599636 0.0016379990675705616
304.17993399509226 0.0016386341431417729
831.1823703493841 6.418078986638062E-4
114.16434874486382 0.0010315211285080316
273.38850604062367 7.281398873475577E-4
574.0634485027117 7.426213233936075E-4
175.58061665649555 8.355218517889156E-4
50.550131616438804 5.452820108447352E-4
300.47226152404784 4.6331808824152986E-4
219.50577069982225 1.747917750023114E-4
214.79078951049166 3.994569662407808E-4
186.2045708979501 1.982449730133444E-4
568.7186930182943 0.0018336055708976663
338.66919732590634 7.105333934792993E-4
715.6798656637221 6.689585567173729E-4
284.3568810654603 0.0018384172693652104
523.1101594507276 0.0013501075167224336
345.51504503261066 0.0017865986731898163
988.008097739894 0.0013409993875749691
834.8163034929038 0.0014288296836712769
955.1016231789728 0.0011144830177747234
735.8096929899463 0.0012817444514227002
777.6996645972597 1.813183349215537E-4
37.71974753482255 0.0012367025022388127
519.5249097978347 0.0014813192291082459
661.4924267220741 0.0017726037269557438
87.101377587347 9.056812281319717E-4
320.79685634039197 0.0013203292701710148
107.99956838972847 6.540032627610257E-4
100.39901458676859 0.0015712497529742399
807.2306787628823 0.001753428553919675
13.339856645716289 3.3904147195945296E-4
489.29882212043685 0.0012226156567578014
919.7850292175007 9.668667877207046E-4
959.6013463845483 5.573893303596439E-4
307.17212581409706 7.218751305324873E-4
940.5309813751518 0.0010208435845836352
254.9250914039673 5.68209053506905E-4
138.89682113141606 0.001428348466938545
982.4223741807148 0.0016225146239356484
140.74203890782877 0.0013702077792257673
787.776594882727 0.001052430205985884
334.0692470474491 2.3184265142910343E-4
333.54156992097455 0.0015098214432859012
695.9128695055437 0.0013583920713717734
904.5306168983367 0.001695944613114151
645.9200808992236 5.417306593430955E-4
937.563287065161 0.0017059882449679015
762.0914120981895 4.847213011321023E-4
615.680374491811 9.295185178907334E-4
200.64211366728046 0.0019109516580802187
702.8704186449155 0.0016876379118961437
190.65872123029956 2.3701733658169232E-4
598.2863244592614 3.0814898425180143E-4
51.97491638920034 0.0018188646387196142
674.5394527327919 0.001686660457620171
143.36642489925325 0.001917966534088539
6.869262087563641 3.4842691937277793E-4
460.2897397523232 8.49504533925869E-4
710.5476156391891 0.0019443633949032494
209.17548016140958 0.0013911120916316633
828.8182787731375 4.3548983222166957E-4
825.8066022888788 0.0010944626771995176
204.41085808184502 5.541874560087043E-4
588.078022277019 7.513146054129792E-4
239.78978918855535 0.0013979067100638306
64.5817895720628 0.0019016235599557242
363.71236544275297 0.0014309296246626546
617.8986968555947 0.0016476181619206165
194.30343955489968 9.193183096326287E-4
978.1191483969424 7.184099427116181E-4
124.45839500262328 0.0012350801072178192
410.3346808861637 9.626462850119632E-4
13.95191904807087 0.0013969765869544474
470.1807855023913 0.0011131813492410026
447.6816456055649 8.699392992001672E-4
177.752083250206 0.0018538160955637502
971.308415742269 6.192044657489181E-4
219.7063109929237 0.001347001299779884
765.6263451863203 9.567057661252311E-4
962.4214665789257 1.5358597301598875E-4
827.5591413618807 4.18103309151256E-4
543.6602232715395 6.502420195810727E-5
985.0375568424527 8.839123455859581E-4
416.9216111381173 0.0018036694342241182
715.8643504212911 0.0014453786411037445
686.4529483422883 0.0017895799276224861
116.45743023439191 0.001376375055086569
742.2891514107068 0.0014935692904777483
779.3853635803728 0.0012078866855112285
39.230381622552116 8.382327471093421E-4
805.4386097031825 0.001947063047603579
504.64338832751076 0.0013536931131957267
804.4410062974509 9.234372045106825E-4
779.4081991442517 9.782506893788946E-4
464.6519876386281 8.699591296925919E-4
75.01541733509647 9.90911168744838E-4
798.5260955982498 3.284237108426758E-4
339.9737488198903 0.0012321993107713813
85.5178730960553 2.675704226165457E-4
277.79447905616576 0.001296577865508381
940.6586843266425 0.0011310783267754958
366.5726349533408 7.360786319669155E-4
930.5775207144104 0.0010149715265071755
595.7782913911055 8.348374112011426E-4
476.61404147586506 2.8592494720364277E-5
176.20611618096294 0.0018481153506550675
134.9258344317441 2.622024725546799E-5
635.2759081103261 0.0019253833212472243
811.5609478259277 0.0016886525117015179
968.5516017342693 0.0018945098883649536
918.9357240306846 0.0010362755286695557
600.4637347536458 0.0010097085855577754
650.6538156655868 0.0015481071795707651
674.2403538312019 0.0014270055842650728
54.319398037306684 0.0013625663481484213
934.6437924237194 0.0013464902681175582
438.1569509572149 7.489023191441924E-4
376.38906500134107 1.246299144123338E-4
280.0420291163223 4.4775059633972345E-5
692.9202399649286 0.0015947232394125837
754.5194345314612 2.204654940684013E-4
714.1285942467528 3.9520781574464036E-4
968.3081903347318 0.001007283081995397
405.38216540840557 3.3403497545669077E-4
867.792693836518 0.0018950121264028957
388.1276130620984 6.007250897216352E-4
864.213859133522 0.0014801623553976444
215.2630957845892 2.984842174973083E-4
150.1534987008914 0.0013389102440145046
915.3527402856167 1.6532219957900184E-4
601.5943375423525 1.6326838801654063E-4
639.5741122027738 6.777748356772028E-4
683.2085068725089 4.2936314505078447E-4
733.8105178129908 8.958572693728698E-4
23.896634589832573 0.001578817629512312
79.15827123409056 0.0018175889887169286
25.202216592245836 0.0012389466071410313
335.35315810486355 9.04725858516968E-5
387.3598968551307 7.597928455797815E-4
625.6193838201553 9.23055007320604E-4
55.90619615088505 0.001154766566467286
503.6596197186316 0.0012455714610082865
943.4523600821627 1.2447077156972085E-4
915.5502961555264 8.095946637420142E-4
113.90785040050179 3.0673878970210566E-4
540.2827647236561 0.001084045706418993
885.4091087753927 0.0013638962329364675
417.24046665115304 1.1849935163745218E-4
801.4729972004299 4.887592844692626E-4
142.0013933172456 8.32839077130045E-4
463.0867044735172 1.288172446092546E-4
496.3799633534532 0.0015072641491586801
924.4394586069693 5.266292359064857E-4
398.9807322616599 0.0012260242427342566
709.0612122365558 0.0012591566374559361
457.7960914270003 5.366960521932579E-4
329.1232694541678 9.627910534332699E-4
987.9364701863083 0.0012790815473141767
529.0086201992857 6.846891708522242E-4
169.3033572143425 3.509538168201221E-4
267.0291547044316 1.605124193396982E-4
384.511944085598 0.0013627275785550379
319.7641271724199 9.076073969453784E-4
497.11769563011717 5.019840015226111E-4
48.30109190582348 5.45553880322736E-4
200.3541282379786 3.2072541754441983E-4
38.614363427560015 0.0015743746187005022
301.10189286111944 4.6861471790370535E-4
530.6916122933345 0.0013882805154470219
376.016834925868 7.345784928148147E-4
41.43618188865305 0.0018442669332422094
779.7916074189318 0.0018929783128478074
882.5827049476014 9.780805542782E-5
19.80869472949239 3.9835747732489565E-4
317.57684485873995 8.999014671504528E-4
812.6589147432982 0.0016654796526878607
135.1346192579412 3.4749003284735314E-4
737.619499553749 2.2385547860232502E-5
781.0463392087474 6.314961909993922E-4
61.02343791212115 0.0017070672142130143
751.543680555906 1.2916409796603467E-4
883.4798419305495 3.013463724432922E-4
576.926651679411 7.598778712513916E-4
725.5634980860927 0.0010125480021703284
673.9374658437155 4.7859733698953614E-4
789.2644548738675 4.8043394994446716E-4
85.94709219687948 0.0010702566943225776
591.8925267606473 0.0019425766649866498
611.0951758972813 0.0013955312962022463
499.40467509413355 0.001315783519892208
16.679167289603114 6.759542240414736E-4
559.2722811546513 2.377028013777095E-4
961.3515534258222 0.0013928735449992011
613.5066368680012 7.045157640022691E-4
995.931759009106 7.481231452114678E-4
843.4625793450803 6.615909188087123E-4
464.26663429675 0.0015522896691319214
951.531981561115 0.0010092515374083876
842.3885651130176 0.0017076392031084126
147.06686658182502 0.0010448211253225408
96.65964734585009 8.812477162555474E-4
706.4202850248759 0.0018466551028208699
878.2910615570336 0.0017684785666544568
144.18740065032028 3.5776183371693935E-4
777.4118486686665 6.126569109262784E-4
851.7623217086132 3.2504929973650954E-4
401.8651290805382 0.0019116679947887379
254.26686101326106 6.499658812031097E-4
795.2710696474049 0.0010334826475275883
509.10301856189176 0.0018870159897055629
669.2705720985637 0.001881668816049336
935.0141766178488 0.0010735459195254438
387.282021058389 8.616676805285553E-4
466.20840088753425 4.343273148960401E-4
711.8358149714004 5.7596494463519204E-5
914.0267707007131 0.001769408391150236
344.1642538384368 2.7366963551507793E-5
43.761575614922485 1.5252865143632758E-5
456.294569399345 0.001434403739937785
187.95646642705262 7.314370376462165E-4
86.48214027587424 6.461350300996507E-4
776.7008067000195 8.918607104795537E-5
820.8105698324789 0.0016520319386427082
356.82040935234187 0.0010045061703083745
931.3842970558369 4.269912071243798E-4
834.1138767237373 1.7210193558257333E-5
122.8356739146801 0.0012024766955701645
405.6451243374707 2.5200471784432487E-5
867.7490273806029 5.134864546022753E-4
114.13021065021408 0.0014109924661842195
119.25569135661037 3.8079027845774064E-4
279.6647075003315 0.0011326371972147516
654.7110777603048 0.0010488708847784924
393.9113222965558 3.06016639132388E-4
79.81286993241538 0.0018576742825576478
468.6122110433002 5.681547695595489E-4
712.2977989317374 0.0012886505419489568
69.13142142311271 2.4768126809571596E-4
441.62156593130044 0.0018423250180236526
673.4596400863768 0.0017672682629585731
481.15962859297156 1.4804450933183304E-4
47.14031705965303 0.001937362458141533
836.5115378222017 0.0018588360879447467
722.5962829415669 0.0016404986209338007
302.15883408773635 0.0011371746946511273
147.58847847002954 8.801823448542896E-4
331.1649292386905 8.52938954531079E-4
63.76849536959478 0.0015132968686371769
246.58680718698855 0.0012086607356715092
849.2002239679919 5.206340179266558E-4
912.700662814407 8.325276267830399E-4
279.0267138178585 1.9532549062830596E-4
678.4334842480874 6.123868449651948E-4
818.6787873593527 0.0010324390139221076
976.7039944309294 0.0011251440714911823
345.12267883174246 0.0013060132159889986
287.1319890428018 6.561592038175736E-4
654.8868243838133 5.293300730467494E-4
254.79744060654076 2.656587620543224E-4
41.321216636021255 3.2781707002354853E-4
314.81342777368303 0.001495604763705396
111.06537520469418 0.0016071192327039585
21.011685031005968 0.0018016861846920427
20.103756813380755 0.0017030647932069118
73.52792475071173 2.94714124247717E-4
478.02770858538696 2.873558944883868E-4
371.18981237113 2.1712283888025287E-4
48.994511854366635 0.0011109065017041227
803.7122547643783 0.001612309463061678
8.24569072958347 2.9319735377454323E-5
155.63301982154746 0.001220859398174479
882.1951513561398 6.971241514270255E-4
871.2243795726562 9.610911854798615E-4
552.6498763601528 2.6500198601403404E-4
958.2519386700596 4.433887656389689E-4
830.6620441519945 2.736514046083291E-4
296.9166898619927 4.285665723236091E-4
918.7748976604896 1.239059293718497E-4
378.9287038980651 0.0014102027533762626
628.4120877405685 0.0016078161977653466
175.8080391100645 0.0013455940676956346
634.3537357795767 0.0018945292008356084
203.33055928504587 6.751699281571203E-5
93.53350386653725 0.0012210453761835004
501.279778080657 3.951701257916569E-4
536.1007119231394 0.001557614755395957
231.28686762940458 1.163461226843353E-4
119.66759810208697 7.640287396348148E-4
899.4203987063004 1.502405638456723E-4
854.1709598406084 9.062641974501563E-4
651.9572570230613 1.7521656377842898E-4
886.2882418959812 0.001033288575087011
224.23913666244556 0.0010821402266121213
481.1313867015445 0.0017231071474313154
116.60423926850979 8.562809451218776E-4
540.9182512857572 8.621193845869262E-4
575.2500978183235 0.0011967800001532782
892.1370277610314 3.636292541784691E-4
67.03729744396978 0.0017468177230564976
124.78570832162431 0.0010475346599138123
186.8761243237537 7.594630723748872E-4
533.6610500391857 0.0015228907082879457
854.612337823311 8.100050089058687E-4
450.1196520636415 0.001375336422348543
763.1943909279976 0.0018293547944140372
690.5031575311456 0.0016029656048759233
626.4355111058967 0.0014675018377945932
571.950685499213 6.977591696425752E-4
373.3756739522217 5.79891081700851E-4
6.2668854399895695 7.335597051357304E-4
461.1258867481378 0.0014396671215243316
981.5891422245601 0.0014927495779275103
866.5209346760628 0.00194177788907374
886.9047644021477 9.376940385168088E-4
584.8623027954541 5.227074169027849E-4
420.4969417399247 4.239740070791675E-4
961.8461727918341 9.631189247972554E-4
966.1731403163509 8.620962793593418E-4
539.1431285716328 6.902508437582531E-5
691.7074647227802 0.0016554833073907415
329.91115112319176 5.095832161017374E-4
72.35747253166394 9.012853745989518E-4
813.9024394629068 0.0011506133009813676
697.3195558867043 0.0012322980435357262
872.0870846286821 0.001169812527889457
986.8922429098246 0.0016730197390422373
341.62995421403554 0.0011382234747892347
289.88686031190997 0.001187789476514074
540.6300754009886 7.642541064168943E-4
688.5953772294313 0.0010316165437480721
918.7202034139634 0.0018662013314821337
831.0475381235814 0.0017670775007590414
839.728213772051 2.2854823508365138E-4
688.5304961765793 0.0016053353560039254
90.01577323769023 0.0011902434485136079
747.7395994345376 8.096606619004633E-4
56.021060355017454 1.6191830311069457E-4
642.8935544765059 5.765321893980026E-4
443.44318306233885 0.0018990095975243545
406.56656790830505 4.231840284322709E-4
975.2612039331632 2.787412898703252E-4
49.808281497009226 9.397387032168427E-4
431.8404022752496 0.0014392451486380804
727.9608229771075 0.0016764539830284256
589.3940704825307 2.1471174706588078E-4
805.448455645446 0.0014216628333676463
287.48084105899596 0.0016984712693035532
325.4384232337765 0.001217951255823122
429.3467623318298 0.0016788990749148796
457.9923560181597 0.0012661348923294759
598.7119994120262 0.0010130685612453445
909.3442661265583 0.001185911651240206
543.4303742570013 5.923422493179489E-4
949.2674781704635 0.0010539655897368846
620.6133415087188 0.0017170240177886446
609.6885412045235 0.001918085354080175
171.5560099908877 1.0268621727195823E-5
206.70520384176876 4.961827531073301E-4
202.47882520895396 7.945363635693232E-4
995.0623754388943 2.0923941516219814E-4
283.48896619094955 6.664782211424264E-4
103.28143979575552 0.0019280125594031553
390.6176618256688 8.303596537832413E-4
294.7730279037603 0.0016059017622815865
89.66163130926975 3.616028395037379E-4
364.4138869663765 0.0013779581560168668
514.0700538242562 8.044614367183405E-4
909.3796475368457 7.903304519588321E-4
942.3367813892369 0.0012515510363694017
20.620294856196406 8.331699519278064E-4
222.0818252405533 1.461343427480354E-4
678.7452342355369 2.5640068153663133E-4
706.004573361019 5.647955795535044E-4
460.55911130297886 0.0012330318546025043
220.52823902132374 3.2814127244600093E-4
554.6558692840188 0.0011284972582713043
124.32610389046656 1.4281292099000456E-4
900.6871352441084 2.881931951978001E-4
426.3561709906702 0.0018428921608208424
277.144888079327 3.501256921061705E-4
480.46368150062096 2.5877399326769434E-4
839.4592696984574 0.0014316702191744359
761.4254345006428 0.001873426140137097
749.9070282792239 0.0016705439309229343
599.660916067502 0.0017616400711411033
484.0380658786921 0.001348579220492484
752.6116807724403 8.782369382236289E-4
773.7426686909714 0.0017706761734127905
420.0586147699778 5.807258523882989E-4
19.556715627925804 0.00141614555010213
238.12575695948942 0.0013356881932163555
250.63029036420875 1.8885164329337113E-4
294.9236898193712 8.3925245703105E-4
13.565777341633002 0.0017306229723408006
679.420993048428 7.9322975152381E-4
251.3813801349054 0.0012116176785868847
414.9631519871592 6.265023382336054E-5
130.8098924955399 1.1175423660376059E-4
941.9672046517801 0.0016588756007176496
881.2992842315227 0.0013531470217471888
773.5613290097384 6.818977363475012E-4
634.7608746191304 3.983482203031817E-4
801.5302795923922 0.001732991333276812
377.77656800010084 2.1967831128240982E-4
303.45196058203095 0.0017816139982403058
719.4964665544669 0.0018154501951824086
328.42043150608447 6.903384741052296E-4
233.60848158300317 7.843220658474059E-4
761.1665575584241 9.014060845962015E-4
75.14508491155928 0.0015959590955109502
838.3819646380758 8.468836178033257E-4
634.5777030263923 5.528316737737979E-4
723.2772818409267 9.781303626631303E-5
428.72514828514545 0.0014343584453523884
843.9088770392857 9.816272954771292E-4
554.1132407049244 0.0014145149122531861
347.0946179456518 1.0222580971952891E-4
986.6750659359037 3.469173584152368E-4
456.07160006466864 0.0013856034007905115
522.5537109759421 1.3521220059715716E-4
187.3748927318374 0.001115742047381224
694.3428617410095 0.0013022999895123536
594.023491998214 9.351482710567712E-4
409.3823369636118 2.9634264357880803E-4
85.79580536382078 0.0010120480556276318
127.5358168070837 1.3756739340157274E-4
225.43811436064453 6.894833457995138E-4
